10304973
10306267
10308032
10312265
10318916
10322579
10323304
10328519
10547852
10556861
10572447
10574336
10581604
10581653
10581802
10599010
10601394
10602491
10602509
10602624
10602772
10603333
10603515
10606419
10607789
10608068
10608324
10608662
10608746
10608910
10610031
10612862
10613126
10613480
10614074
10614306
10614371
10616368
10712043
10806063
10919511
10919610
11402283
11906474
12310524
13115221
13115400
32100001
32100010
32100071
32100072
32100121
32100136
32100421
32900430
32912879
32912883
32912912
32913373
32917855
38179462
38197969
38228889
38615978
38732203
38732260
38734092
38735974
38740131
38742467
38748480
38757499
38776226
38831435
38831518
38831591
38831625
38833175
38833233
38836772
38836798
38837887
38837895
38838018
38838182
38838513
38839867
38840527
38844495
38844909
38853595
38855848
38855855
38856101
38856168
38856408
38858727
38861168
38864774
38865623
38875499
38885506
38885779
38885811
38885886
38886249
38886363
38886413
38888971
38888989
38889128
38889292
38920378
38920535
38920865
39293833
39307740
39310173
39317285
39330460
39331831
39332466
39333803
39336871
39972295
39974127
39974655
39977849
39977997
39978920
39981957
39982070
39982237
39983722
39984308
39985479
39988606
39992731
39992830
39993242
39993390
39993416
39993549
39993598
39993614
39994513
39995197
39995577
39996856
39996948
39997649
52909095
71203672
71506045
71603626
71604627
91002382
A1309436
A1309595
A1311749
B0500888
B0500905
B0500906
B0501401
B2902496
C1901275