00787658
01176042
01176596
01176679
01182933
01474678
01477986
01485401
01662066
01666976
01698557
01767394
01887028
01887085
10004417
10008335
10028564
10038530
10304924
10304973
10306044
10306051
10306267
10307992
10308032
10308073
10308313
10309592
10309600
10309782
10309816
10310657
10310764
10310830
10312133
10312182
10312265
10312299
10312398
10312455
10312489
10314253
10317686
10318916
10318940
10318973
10320409
10321878
10321886
10322405
10322579
10323304
10323627
10324252
10324443
10324641
10328519
10396748
10403844
10547787
10547852
10547910
10553975
10554395
10554528
10554619
10574336
10574369
10574385
10575218
10575242
10575945
10576570
10581604
10581653
10586975
10589730
10593138
10594995
10598871
10598921
10599010
10599143
10599176
10599267
10599812
10600586
10601303
10601378
10601394
10601758
10602194
10602491
10602509
10602533
10602624
10602772
10602822
10603333
10603507
10603515
10603705
10604844
10604984
10606419
10607391
10607409
10607540
10607631
10607789
10608068
10608217
10608324
10608340
10608571
10608605
10608662
10608720
10608746
10608902
10608910
10608928
10609389
10609512
10610031
10610916
10611534
10612862
10613019
10613118
10613126
10613381
10613399
10613464
10613860
10613902
10614025
10614074
10614082
10614090
10614256
10614264
10614272
10614298
10614306
10614371
10614389
10614397
10614496
10614512
10614546
10614694
10614710
10614942
10614983
10615014
10615154
10615162
10615170
10615246
10616368
10616442
10616749
10617036
10617408
10617424
10617531
10674124
10703976
10704032
10704214
10704255
10704305
10704362
10704388
10705708
10705732
10705831
10706987
10707019
10707779
10707886
10712043
10712050
10712076
10712100
10712332
10712647
10712795
10713215
10713298
10716465
10716523
10716648
10716697
10716713
10716721
10717000
10717125
10717158
10717224
10723370
10724311
10725086
10725367
10726878
10726886
10728650
10728734
10728742
10728841
10732538
10732546
10919552
10919586
10919594
10919602
10919610
10920139
10920147
10920162
10920170
11401751
11401951
11402277
11402283
11906474
11906634
12310520
12310524
12313122
12313131
12313133
12313194
13115235
13115325
13115399
13115400
31449623
32100006
32100010
32100058
32100060
32100071
32100072
32100092
32100121
32100421
32900115
32900131
32900430
32912912
32917855
33505519
33858243
33860645
38120995
38123890
38125036
38144292
38147238
38179462
38197969
38238979
38244233
38615960
38730272
38731940
38731957
38732161
38732203
38732260
38732534
38733169
38733862
38735537
38740057
38740131
38740263
38742467
38748480
38754579
38754678
38756996
38757499
38768744
38831435
38831518
38831591
38832706
38832995
38833233
38833241
38837846
38837895
38838083
38844909
38856168
38856341
38859824
38864774
38865474
38876265
38885886
38886041
38886413
38886488
38886496
38887296
38887924
38887932
38888195
38888484
38889003
38892643
38895356
38895711
38916210
38920857
38922515
38924875
38929262
39314738
39315222
39316378
39316428
39318507
39332466
39333803
39556767
39559589
39972295
39973392
39973921
39974002
39974127
39974648
39974655
39977674
39978920
39979910
39980959
39981296
39981312
39982104
39985529
39988051
39996856
39996948
39996971
39997037
40243893
71203672
71507362
71507992
A1309436
A1311180
A1311741
B0500888
B0500905
B0500906
B0501245
B0501401
B2902496
C1901275
C1901335