10901000
00030301
00679913
00680101
00682172
00683188
00683550
00683675
00690837
00691009
00691058
00702426
00702533
00755788
00755945
00755994
00756174
00756257
00756612
00757644
00758923
00760234
00776347
00776768
00776792
00779465
00781149
00781818
00781826
00781867
00781909
00782022
00782097
00782154
00782196
00782733
00785298
00787658
00788912
00788920
00788961
00789233
00789829
00790009
00790132
00790157
00790199
00790231
00790280
00790637
00794720
00794738
00794910
00794936
00794977
00795131
00801202
00801475
00801848
00801913
00801962
00801988
00802010
00802705
00802945
00803190
00803752
00804057
00804131
00808280
00810567
00811698
00812811
00812878
00817679
00817943
00818149
00818180
00823230
00823651
00850233
01092710
01093080
01093122
01093346
01120644
01131369
01141434
01150328
01151169
01151243
01161127
01169112
01169815
01170334
01172009
01172447
01176042
01176596
01176679
01177636
01180036
01181380
01182933
01186165
01186181
01186314
01186470
01188237
01188286
01188377
01189425
01230245
01230362
01463556
01463648
01464430
01465734
01468282
01468829
01471625
01474678
01474959
01474975
01475667
01476236
01476756
01477168
01477929
01477986
01479107
01479206
01479297
01479321
01479339
01479354
01479420
01479438
01479784
01481103
01481160
01481178
01481913
01482507
01482630
01482986
01482994
01483588
01483943
01484198
01484826
01484933
01485252
01485278
01485328
01485401
01485781
01486060
01486656
01486938
01486946
01487001
01487126
01487134
01487233
01488025
01489197
01489262
01492274
01492738
01492761
01493132
01493520
01493678
01494007
01494114
01494528
01494627
01494932
01495368
01496630
01497067
01497323
01497695
01497703
01497968
01498024
01498057
01498172
01498230
01498271
01498313
01498370
01498388
01498883
01498917
01499691
01500225
01500258
01500282
01500571
01500704
01500720
01501207
01502858
01503427
01506131
01506313
01506743
01507295
01507303
01507386
01507451
01507485
01507634
01508244
01508400
01508459
01508525
01508749
01509085
01509697
01510141
01547077
01548232
01557688
01613481
01619074
01625543
01628588
01635542
01636805
01639312
01647224
01647273
01649980
01650574
01650756
01650855
01650897
01652422
01652547
01652612
01655300
01656985
01657173
01662066
01666414
01666455
01666976
01668485
01668741
01669574
01670283
01670366
01670416
01671901
01671943
01672008
01675225
01678351
01682684
01683377
01685356
01686750
01687683
01689887
01691941
01693434
01695181
01698367
01698383
01698433
01698441
01698557
01698649
01698664
01698672
01698797
01699035
01699324
01699407
01699530
01699787
01699936
01699977
01700718
01700817
01701062
01701096
01701385
01705311
01765943
01767014
01767378
01767394
01767576
01767659
01772337
01772477
01772485
01772568
01772626
01772907
01773061
01773079
01774614
01775678
01775686
01775710
01775728
01778912
01779043
01779092
01779282
01779357
01779407
01779456
01779563
01779704
01779720
01781098
01781114
01781262
01781304
01781338
01781445
01781791
01781874
01781890
01781924
01782039
01782203
01782245
01782252
01785347
01785404
01789463
01789547
01790412
01790750
01790958
01790974
01791121
01791147
01791154
01791170
01791329
01791378
01791394
01791469
01791592
01791600
01794794
01809469
01812067
01813354
01813636
01813800
01813941
01814246
01815862
01817710
01818825
01819518
01819581
01821191
01822819
01823031
01828477
01828840
01829251
01829293
01830788
01831851
01834335
01837338
01837775
01839862
01841645
01844474
01844821
01845398
01848442
01849200
01852733
01852766
01852816
01853129
01853186
01864274
01868820
01872566
01872772
01872780
01873143
01873424
01873481
01873507
01873531
01873796
01875221
01875239
01875247
01875288
01875361
01875411
01875445
01875460
01875478
01875502
01875528
01875551
01875668
01875676
01875684
01875692
01875973
01878050
01878233
01878241
01878324
01878332
01878340
01878373
01878399
01878654
01879397
01879512
01881104
01881161
01881401
01881898
01882821
01883472
01883589
01883720
01883845
01883852
01883944
01884710
01884819
01886376
01886467
01886756
01886889
01886913
01886954
01886962
01886970
01887002
01887028
01887036
01887077
01887085
01887820
01887879
01888059
01888364
01888414
01890113
01891723
01894065
01894206
01894289
01896078
01901415
01901563
01903601
01904849
01906240
01940926
01940959
01941098
01941106
01941148
01941155
01941189
01941239
01941338
01941379
01941411
01941437
01941494
01942898
01943011
01943490
01943565
01944340
01945594
01945636
01945644
01945693
01945701
01949182
01949380
01949414
01950693
01952103
01952137
01952236
01952442
01952467
01953630
01954257
01954943
01955023
01957037
01957086
01958233
01958415
01962185
01962268
01962482
01962631
01962730
01962797
01962953
01962995
01963381
01963787
01964140
01964272
01964306
01965428
01966590
01966947
01967648
01967879
01970188
01970436
01971277
01971350
01972580
02265760
02265943
02266529
02266867
02266958
02267253
02267485
02267832
02268293
02268483
02268681
02270026
02270398
02272121
02273285
02273350
02275967
02276510
02276858
02276882
02277070
02277872
02278029
02278292
02279993
02280124
02280132
02280173
02280199
02280215
02280231
02280272
02280298
02280306
02280603
02280678
02280694
02280702
02280769
02280835
02280942
02281080
02281189
02281296
02281320
02282799
02282807
02282823
02282864
02282880
02282898
02282906
02282955
02282971
02283011
02283086
02283094
02283102
02283110
02283151
02283201
02283219
02283235
02283250
02283276
02283284
02283318
02283342
02283359
02283375
02283532
02283557
02283573
02283599
02283631
02283656
02283664
02283706
02283755
02284068
02286667
02286998
02288994
02289091
02290362
02291816
02291923
02438797
02438805
02438847
02439480
02440090
02595950
02602236
02603804
02603937
02604257
02604323
02605742
02607037
02607466
02607474
02607532
02608019
02608308
02608399
02608464
02608605
02609272
02609546
02610478
02610833
02611948
02612458
02613365
02615394
03155034
04098231
05290549
06556468
06556617
06558191
09876554
10003082
10004417
10008335
100099
10014263
10028564
10034691
10035565
10035599
10035649
10035656
10035698
10035706
10035755
10035763
10035797
10035854
10035870
10036795
10036837
10036845
10036944
10038530
10055496
10057161
10057328
10057344
10057393
10057419
10057609
10057617
10057633
10057666
10057674
10057690
10057799
10057823
10057872
10057906
10057922
10058185
10058219
10058250
10058268
10058292
10058342
10058573
10059027
10059084
10083613
10304924
10304973
10306044
10306051
10306267
10307992
10308032
10308073
10308313
10309592
10309600
10309782
10309816
10310657
10310764
10310830
10312133
10312182
10312265
10312299
10312349
10312398
10312455
10312489
10314253
10317686
10318916
10318940
10318973
10320409
10321878
10321886
10322405
10322579
10322629
10323304
10323627
10324252
10324443
10324641
10328519
10369513
10369810
10370016
10377268
10378415
10383555
10386012
10387192
10387242
10387416
10387465
10388851
10391830
10393018
10393356
10393463
10396748
10396904
10397506
10398769
10398777
10399023
10399452
10400011
10400113
10400151
10400332
10400348
10400426
10400676
10400699
10400771
10400929
10400945
10400953
10401480
10401571
10402157
10402736
10402959
10403757
10403844
10403871
10403928
10403965
10403973
10403979
10403990
10403999
10404024
10404036
10404069
10404142
10404948
10405044
10405556
10405770
10405903
10523929
10536509
10537051
10540246
10544172
10547571
10547787
10547852
10547910
10553975
10554395
10554528
10554619
10554791
10554809
10556861
10559030
10568833
10568858
10569419
10569534
10572231
10572363
10572447
10574229
10574260
10574336
10574351
10574369
10574385
10575218
10575242
10575945
10576570
10580820
10581604
10581653
10581745
10581802
10581810
10583931
10586975
10589730
10593138
10594995
10598871
10598921
10599010
10599143
10599176
10599267
10599812
10600586
10601303
10601378
10601394
10601758
10602194
10602491
10602509
10602533
10602624
10602772
10602822
10603333
10603507
10603515
10603705
10604844
10604984
10606419
10607391
10607409
10607540
10607631
10607789
10608068
10608217
10608324
10608340
10608571
10608605
10608662
10608720
10608746
10608902
10608910
10608928
10609389
10609512
10610031
10610916
10611534
10612862
10613019
10613118
10613126
10613381
10613399
10613464
10613480
10613860
10613902
10614025
10614074
10614082
10614090
10614256
10614264
10614272
10614298
10614306
10614371
10614389
10614397
10614496
10614512
10614546
10614694
10614710
10614942
10614983
10615014
10615154
10615162
10615170
10615246
10616368
10616442
10616749
10617036
10617408
10617424
10617531
10674124
10703976
10704032
10704214
10704255
10704305
10704362
10704388
10705110
10705236
10705708
10705732
10705750
10705831
10706987
10707019
10707779
10707886
10712043
10712050
10712076
10712100
10712332
10712647
10712795
10713215
10713298
10716465
10716523
10716648
10716697
10716713
10716721
10717000
10717125
10717158
10717224
10723370
10724311
10725086
10725367
10726878
10726886
10728650
10728734
10728742
10728841
10732538
10732546
10802608
10802759
10802776
10803031
10803152
10803158
10803164
10804844
10804945
10805229
10805232
10805244
10805423
10805435
10805472
10805498
10805547
10805550
10805617
10805636
10805641
10805673
10805677
10805688
10805705
10805708
10805709
10805711
10805721
10805781
10805797
10805800
10805801
10805808
10805811
10805813
10805874
10805880
10805883
10805887
10805889
10805891
10805893
10805904
10805919
10805929
10805936
10805937
10805941
10805954
10805957
10805964
10805992
10805993
10805994
10806003
10806013
10806014
10806017
10806019
10806022
10806024
10806025
10806027
10806033
10806047
10806063
10806064
10806074
10806079
10806110
10806125
10806126
10806127
10806132
10806133
10806134
10806135
10806137
10806138
10806149
10806150
10806152
10832033
10918877
10919214
10919241
10919271
10919453
10919511
10919552
10919586
10919594
10919602
10919610
10920089
10920139
10920147
10920162
10920170
10920188
11003143
11011422
11014456
11017249
11019487
1111
11309239
11309935
11309941
11309965
11309992
11401383
11401391
11401394
11401438
11401506
11401619
11401704
11401718
11401739
11401743
11401751
11401841
11401861
11401899
11401909
11401910
11401951
11402022
11402023
11402024
11402146
11402151
11402171
11402272
11402273
11402275
11402277
11402283
11801214
11902021
11902349
11902714
11902850
11903081
11903348
11903350
11903725
11903782
11903833
11906474
11906624
11906634
12121237
12121252
12302345
12302369
12302380
12302471
12302563
12302581
12302732
12302740
12302748
12303025
12303274
12303328
12303411
12303624
12310520
12310524
12313122
12313131
12313133
12313160
12313194
13100367
13105100
13114255
13114774
13114850
13114987
13114999
13115012
13115022
13115078
13115098
13115107
13115114
13115143
13115157
13115158
13115184
13115221
13115235
13115273
13115277
13115284
13115321
13115324
13115325
13115343
13115360
13115384
13115399
13115400
13115431
13115438
13115495
13115504
13115509
13115510
13115537
13115595
13115599
137152
16182123
16182124
16906138
16913274
16917549
18976098
19054837
19091516
20100909
20130218
20130323
20603690
22000001
22207077
22207107
22207123
22207131
22207134
22207136
22207210
22207213
22207419
22207982
22208379
22208847
22222222
22223333
27900575
28801000
30027412
30101373
30101589
30101597
30101662
30103833
30104476
30105390
30106760
30111463
30111794
30112792
30116108
30119789
30119979
30120019
30120357
30120753
30123146
30123930
30124334
30127477
30128558
30128996
30130083
30130133
30356326
30360823
30698535
30698766
30698857
30711304
30759109
30783915
30812186
30813776
30813781
30813797
30813807
30813907
30813912
30815892
30815893
30815896
30815932
30816244
30816245
30816247
30816250
30816259
30816267
30816282
30816286
30816404
30816456
30816457
30816460
30816484
30817781
30817782
30817786
30817810
30829451
30829551
30829554
30829555
31026090
31031447
31049050
31054555
31062467
31064273
31065973
31066948
31080030
31095566
31109029
31133995
31424196
31431266
31449623
31454722
31479562
31483770
31483812
31483861
31484018
31484158
31484190
31485353
31489918
31489934
31491237
31491401
31491419
31491427
31491682
31491815
31491997
31492060
31493084
31493191
31493308
31493407
31493928
31494041
31494108
31494116
31514772
31516801
31516959
31516967
31517494
31517551
31521546
31524854
31524953
31530513
31554059
31556658
31556708
31560205
31560312
31560700
31567028
31567937
31569859
31570295
31575229
31602250
31604227
31604656
31604904
31606859
31607030
31607055
31607279
31609945
31615579
31616908
31617682
31624365
31624449
31624472
31624670
31624829
31625297
31625487
31632665
31632756
31633770
31633879
31634000
31638712
31640551
31641781
31643035
31646129
31657019
31914537
31914538
31914614
31914905
31914909
31925629
31925633
31925643
31925644
31925660
31925662
31925671
31925672
31925682
31925683
31925693
31925694
31925836
31925844
31925845
31925846
31925847
31925849
31925854
31925962
31925993
31926066
31926070
31926079
31926080
31926081
31926083
31926101
31926107
31926115
31926125
31926173
31926174
31926177
31926202
31926204
31926205
31926210
31926216
31926226
31926243
31926353
31941614
31946206
31946214
31946321
31946339
31946701
31946727
31946750
31946784
31946800
31946826
31946859
31946883
31946917
31946933
31954614
31954622
31954705
31954713
31954788
31959142
31959233
31959316
31959720
31959860
31980171
31983571
31989149
31989206
31996532
31996839
31997886
32008014
32008196
32025109
32028889
32037591
32038953
32039597
32039720
32039787
32044852
32044886
32044894
32045693
32045727
32046097
32046253
32046287
32046493
32046949
32050768
32051790
32055627
32070709
32078389
32078421
32079338
32079494
32080161
32080393
32080740
32081045
32081342
32082787
32083330
32083454
32083520
32083595
32083710
32083785
32083876
32083884
32100001
32100002
32100003
32100006
32100007
32100009
32100010
32100011
32100017
32100027
32100034
32100038
32100044
32100045
32100050
32100053
32100055
32100058
32100059
32100060
32100061
32100065
32100068
32100071
32100072
32100075
32100076
32100077
32100079
32100092
32100098
32100116
32100121
32100125
32100136
32100152
32100155
32100156
32100180
32100421
32100595
32417108
32417843
32425549
32426083
32426927
32427677
32431703
32434863
32445042
32445216
32450067
32451867
32453129
32453152
32453681
32453798
32454697
32454796
32463904
32464589
32464753
32465586
32465925
32466246
32466287
32466337
32466659
32466709
32469372
32472020
32476278
32482110
32611569
32619588
32622814
32622830
32625148
32627037
32627698
32628019
32628191
32629728
32630544
32631849
32631948
32632128
32632227
32632565
32634587
32635386
32635410
32635659
32639503
32639701
32642291
32646243
32649940
32649981
32650047
32650054
32650112
32650278
32650393
32650427
32650450
32650476
32650609
32658776
32659873
32659931
32659972
32660046
32660053
32660145
32660210
32660228
32662679
32662802
32662810
32662836
32662851
32663412
32663537
32673346
32673361
32673841
32678402
32678436
32678451
32678469
32686165
32703148
32708216
32710106
32710122
32715972
32724990
32725203
32731870
32732985
32733306
32733991
32739824
32739956
32740111
32743529
32743693
32744139
32746860
32747462
32747835
32748288
32749716
32749724
32751258
32753221
32753486
32754096
32755622
32756356
32756380
32757198
32757289
32757305
32757578
32759590
32759616
32759830
32759962
32760564
32760978
32761117
32762313
32762420
32762834
32763949
32765506
32765605
32766371
32766843
32766926
32767007
32768286
32775430
32775448
32776651
32803786
32804008
32811193
32814817
32815301
32815467
32817026
32817091
32817109
32817133
32817174
32817208
32817281
32819295
32819428
32819451
32819683
32819725
32819865
32819956
32820129
32821167
32821416
32821424
32821572
32821986
32822075
32822091
32822471
32823222
32823313
32823347
32823362
32823370
32823453
32823537
32823560
32823578
32823594
32823685
32823834
32823982
32824147
32824287
32824881
32825235
32825300
32825698
32825789
32826837
32826944
32827322
32827330
32827587
32827777
32827785
32827868
32828171
32828197
32828429
32828437
32830961
32831019
32831266
32831563
32832090
32832132
32832181
32832322
32832363
32832371
32832561
32832652
32832694
32832801
32832819
32832850
32832876
32832892
32832900
32833049
32833072
32833122
32839186
32839194
32839327
32839350
32839392
32841455
32841463
32841471
32842305
32845522
32845936
32846082
32848278
32848831
32900073
32900109
32900115
32900120
32900125
32900131
32900133
32900430
32900431
32900438
32900446
32900447
32905861
32905881
32905885
32905888
32905895
32905967
32905973
32905986
32912692
32912763
32912840
32912850
32912851
32912854
32912859
32912860
32912869
32912879
32912883
32912912
32913346
32913348
32913351
32913352
32913356
32913373
32913386
32913417
32917794
32917810
32917855
32917861
32917876
32917910
32917922
32965932
32966963
32967227
32969405
32971286
32971823
32972300
32981202
32991078
32991482
32991573
32991649
32992621
32992647
32992670
32992787
32992886
32992928
32993116
32993165
32993256
32993322
32993959
32994205
32994403
32998149
32998321
32998719
32999188
32999394
32999741
33000952
33001067
33001455
33001521
33001604
33001638
33002388
33002669
33004343
33005266
33005274
33110092
33110093
33110095
33110152
33110280
33110287
33110312
33110315
33110318
33110321
33110324
33110326
33110337
33110431
33110435
33110621
33110622
33110626
33110633
33505519
33510113
33676009
33676165
33677866
33678419
33679482
33679649
33680068
33680779
33680852
33680860
33681348
33682585
33683005
33683013
33685299
33686248
33686628
33688962
33688970
33688988
33688996
33689507
33689630
33689747
33689788
33689879
33690000
33691222
33691941
33692048
33692121
33693442
33693632
33693715
33693723
33695074
33695249
33696353
33696478
33696841
33697211
33698623
33698771
33698813
33699068
33699076
33699084
33700023
33701237
33714560
33715492
33717431
33720922
33725228
33726440
33726564
33726747
33727042
33732117
33732174
33733347
33733529
33734261
33737116
33737314
33737322
33737454
33737546
33738304
33738775
33742322
33746885
33750739
33750861
33751042
33751240
33756579
33758898
33762189
33762270
33762288
33762486
33764656
33764870
33765018
33766362
33766800
33766966
33767568
33770588
33770653
33772246
33790776
33790800
33792962
33808891
33811283
33812331
33813685
33816159
33816183
33819013
33834434
33835670
33840373
33840811
33841314
33842775
33844318
33844557
33844664
33845232
33846099
33846131
33846230
33846289
33846396
33849069
33849150
33850497
33850745
33850786
33851016
33851123
33851321
33852014
33852444
33852451
33852527
33852972
33853012
33853079
33853459
33853541
33853822
33856627
33856650
33858185
33858243
33859654
33859803
33860322
33860355
33860363
33860488
33860603
33860645
33860868
33861015
33861205
33861262
33861445
33861619
33861627
33861635
33862781
33864704
33864761
33865081
33865222
33865503
33865693
33866964
33867467
33867541
33867665
33867749
33867863
33868382
33868598
33869489
33869968
33870453
33870701
33872087
33872095
33872194
33872277
33872285
33872301
33873002
33873119
33873184
34365331
34379902
34545583
35876490
35876540
35880658
35883603
35885491
35886283
35886739
35887182
35887901
35889501
35889683
35889816
35889873
35889915
35890160
35891283
35891317
35891986
35892331
35895888
35898759
35899146
35903898
35905240
35905547
35907386
35907881
35907931
35908962
35909275
35925818
35951004
35952143
35956151
35957787
35962241
35963074
35967570
35967612
35968271
35968446
35968636
35968784
35968826
35968891
35969063
35969618
35970749
36026483
36026731
36026749
36026798
36156199
36217603
36222413
36231935
36236058
36237189
36242072
362421
36245273
36652874
36655984
36664093
36664382
36665249
36665413
36677558
36678069
36678283
36678481
36678648
36681022
36681071
36681360
36682764
36682947
36684935
36684976
36685049
36685072
36685080
36685601
36685650
36685692
36686104
36686518
36687417
36688217
36688340
36693175
36696871
36700012
36700186
36701218
36701754
36704485
36708734
36716299
36716372
36721554
36724780
36724806
36725100
36790906
36792324
36793132
36794114
36794353
36794502
37167310
37169035
37169084
37169274
37170256
37170314
37171577
37171643
37171767
37172278
37172518
37172724
37174324
37174464
37174514
37174555
37179315
37196137
37196525
37197200
37197242
37204311
37204568
37425304
37430403
37446474
37446649
37446698
37446763
37446896
37447340
37450054
37450674
37458735
37895837
37895845
37895860
37896041
37898443
37898526
37898757
37898773
37900058
37932382
37932648
37934628
37938561
37938785
37938819
37939908
37940062
37940179
37940815
37943843
37944494
37944833
37945616
37949410
37951804
37957132
37957272
37969079
37971323
37977858
37978161
37978252
37979110
37979193
37982023
37982205
37982882
37982908
37987758
37989168
37989820
37992360
37992774
37994143
37994531
37995009
37996783
37997369
37997724
37998540
37998649
37998672
38000528
38008570
38009891
38011285
38011749
38014131
38014537
38017316
38021102
38021136
38112810
38120995
38123874
38123890
38123908
38125036
38144292
38144300
38147238
38148632
38165115
38165123
38165131
38167145
38173317
38174828
38175171
38178597
38179462
38180965
38181377
38181807
38183308
38184744
38186962
38187119
38187598
38190808
38190832
38191384
38191558
38191723
38192655
38192671
38193125
38195476
38195542
38197969
38202439
38209236
38218096
38218898
38219086
38219201
38222585
38223054
38223112
38223153
38223310
38223922
38224003
38224102
38224672
38226503
38226750
38226776
38227451
38228590
38228889
38228970
38229184
38229671
38231222
38231388
38231560
38231615
38231651
38234218
38234572
38236924
38237021
38237070
38237138
38238284
38238326
38238516
38238698
38238979
38239183
38239662
38239688
38241676
38241692
38244233
38244555
38245008
38245040
38245057
38250628
38250776
38386208
38387826
38390937
38399854
38401619
38615960
38615978
38730215
38730272
38730280
38730397
38730645
38730736
38730991
38731114
38731254
38731296
38731304
38731320
38731874
38731940
38731957
38732161
38732203
38732260
38732310
38732369
38732492
38732500
38732526
38732534
38732716
38733169
38733425
38733763
38733771
38733839
38733847
38733862
38733888
38733920
38734050
38734084
38734092
38734118
38734126
38734605
38734712
38734860
38734902
38734985
38735040
38735107
38735131
38735149
38735206
38735438
38735503
38735537
38735560
38735602
38735669
38735800
38735974
38736436
38736576
38737970
38738481
38740057
38740131
38740263
38740826
38742467
38743937
38743986
38744018
38744059
38746138
38746146
38746153
38746286
38746369
38746633
38746658
38746716
38748423
38748464
38748480
38749298
38749595
38750445
38750742
38753589
38754470
38754520
38754579
38754678
38754728
38755154
38755352
38755683
38756079
38756194
38756202
38756996
38757119
38757499
38757572
38757697
38759115
38761194
38768744
38768975
38776226
38831435
38831518
38831583
38831591
38831625
38831781
38832706
38832862
38832888
38832920
38832995
38833118
38833175
38833233
38833241
38836772
38836780
38836798
38837846
38837887
38837895
38838018
38838083
38838133
38838166
38838182
38838513
38839867
38840519
38840527
38840543
38840550
38840618
38840626
38840659
38841640
38843612
38843661
38843687
38843695
38843711
38843919
38844495
38844883
38844909
38844933
38844941
38845021
38845146
38853447
38853454
38853595
38853629
38853660
38855814
38855848
38855855
38855913
38856051
38856101
38856119
38856168
38856226
38856259
38856283
38856309
38856317
38856341
38856408
38857786
38857885
38858727
38859824
38860996
38861168
38864774
38864923
38865474
38865623
38865631
38870565
38870623
38870631
38870680
38873882
38873940
38874120
38875499
38876042
38876265
38885274
38885506
38885779
38885811
38885886
38886041
38886249
38886363
38886413
38886488
38886496
38887296
38887924
38887932
38887981
38888195
38888484
38888815
38888971
38888989
38889003
38889128
38889136
38889292
38890951
38892643
38895356
38895711
38916210
38920378
38920394
38920535
38920857
38920865
38922515
38922721
38924875
38929262
39273348
39273371
39273470
39273553
39291092
39291118
39291621
39293833
39293908
39294898
39295002
39295028
39295325
39296372
39299160
39300513
39300778
39307740
39307807
39307914
39308318
39308995
39309803
39310173
39310249
39310397
39312856
39312906
39313136
39313888
39314001
39314043
39314738
39314803
39314886
39315016
39315222
39316089
39316378
39316428
39316568
39317285
39317574
39317624
39317863
39317970
39318010
39318101
39318119
39318507
39318630
39318648
39318689
39318713
39319661
39319729
39327680
39330015
39330031
39330106
39330114
39330239
39330262
39330338
39330411
39330437
39330445
39330460
39330510
39330635
39330650
39331831
39332466
39333803
39334504
39335360
39335774
39336871
39546180
39547113
39553244
39554911
39554945
39555231
39555454
39556767
39558151
39558490
39559191
39559589
39568960
39574778
39575429
39580049
39580064
39584033
39584330
39586145
39586350
39587218
39587358
39697990
39972295
39973392
39973731
39973921
39974002
39974127
39974648
39974655
39975728
39977153
39977674
39977849
39977963
39977997
39978748
39978920
39979241
39979910
39980033
39980074
39980637
39980728
39980959
39981296
39981312
39981817
39981841
39981957
39982070
39982104
39982179
39982211
39982237
39982377
39982831
39983060
39983094
39983722
39983813
39983904
39984308
39985479
39985529
39986311
39988051
39988267
39988424
39988606
39989539
39992731
39992830
39992848
39993242
39993390
39993416
39993499
39993549
39993598
39993614
39993663
39994075
39994497
39994513
39995197
39995577
39996377
39996716
39996781
39996856
39996948
39996971
39997003
39997037
39997649
39997730
39999645
39999868
39999967
39999975
40080909
40242063
40242069
40242108
40242919
40243213
40243214
40243248
40243316
40243318
40243320
40243321
40243375
40243410
40243653
40243893
40245391
40246638
40246847
40246967
40247097
40247108
40247181
40247595
40247737
40247924
40248209
40248624
40253624
40255574
40256859
40256865
40257304
40258795
40259760
40260189
40262267
40269501
40269535
40676465
40676622
40808350
40817292
40817815
40818760
40908614
40908673
40908793
40908887
40908928
41012774
41014188
41014194
41014197
41044194
41063762
41063952
41204328
41204473
41605198
41605263
42910002
44834235
50402158
50402160
50402162
50402237
50402324
50402389
50402683
50402816
50402832
50402857
50402859
50402865
50402873
50402924
51102470
51102574
51102624
51102651
51102661
51102805
51107824
51107884
51605266
51605323
51605525
51605628
51605631
51707966
52002423
52004250
52004251
52004523
52004682
52004694
52004725
52004823
52201223
52201230
52201335
52204459
52901491
52901602
52901679
52901689
52901697
52901727
52901731
52901742
52901746
52901776
52901803
52901807
52901810
52901880
52901958
52901988
52902021
52902022
52902030
52902036
52902084
52902135
52902136
52902141
52902154
52902221
52902339
52909095
52909098
52909950
60108347
60108358
60108411
60108440
60108483
60108491
60108493
60108509
60108567
60108720
60108735
60242456
60605540
61001147
61001328
61001375
61001391
61001395
61001399
61001401
61001402
61001406
61001407
61001413
61001496
61001497
61001503
61001504
61001517
61001654
61001657
61001670
61001672
61001699
61001703
61001712
61001809
61001936
61001940
61001941
61002004
61002179
61002214
61002495
61002509
61002511
61002513
61002515
61002519
61002520
61002524
61100164
61100647
61101557
61101610
61101614
61101630
61101637
61101651
61101652
61101653
61101655
61101658
61101666
61101668
61101688
61101704
61101706
61101711
61101729
61101738
61101739
61101742
61101744
61101785
61101790
61101791
61101794
61101796
61101809
61101815
61101823
61101830
61101831
61101837
61101841
61101857
61101859
62211189
62211238
62211314
62211414
62211419
62211504
62211533
62211614
62211616
62211760
62211851
62216938
62216945
62216984
62217011
62217026
62217083
62217122
62218628
62218748
70406770
70601470
70602438
70602554
70602947
70603003
70603035
70603072
70603135
70603155
70603157
70603161
70603174
70603190
70603200
70603202
70603205
70603209
70603243
70603267
70603275
70603369
70603376
70603407
70603447
70603493
70603532
70603628
70603683
70604346
70605312
71201215
71201224
71201229
71201238
71201796
71202221
71202433
71202716
71203654
71203672
71204022
71204024
71204218
71204322
71204749
71204878
71206183
71208344
71208379
71209965
71209977
71209978
71209980
71502369
71502371
71502415
71505058
71505102
71505297
71505428
71505456
71505477
71505479
71505483
71505508
71505512
71505563
71505566
71505590
71505595
71505692
71506045
71506081
71506110
71506120
71506129
71506132
71506136
71506141
71507003
71507060
71507130
71507293
71507362
71507670
71507674
71507679
71507718
71507720
71507803
71507991
71507992
71603053
71603615
71603619
71603620
71603621
71603622
71603623
71603624
71603625
71603626
71603627
71603629
71603630
71603654
71604611
71604627
71604633
71604637
71604638
71604645
71604652
72033850
72036686
72036687
72308505
72308514
72308840
72903746
72904379
72907021
72907563
72907599
72907725
72907768
72907804
72907897
72907913
72907918
72908331
72908369
72908392
72908449
72908529
72908572
72908581
72908636
72908638
72908641
73101453
77000066
77000120
77000181
77000308
77000959
77001277
78888999
80300312
80301700
80303134
80303141
80303277
80303290
80303491
80303602
80303608
80303628
80304196
80304852
81202275
81202429
81364066
81620610
81620684
82112667
84000001
84000002
84000003
84000004
84000005
84000006
84000008
84000009
84000010
84000022
84000023
86000001
86ED2EC3
88000001
90402900
90404050
90404082
90406385
90407160
90407818
90412433
90718717
90719135
90719306
90719312
90719508
90719636
91001445
91001505
91002155
91002279
91002283
91002298
91002365
91002382
91002400
91002427
91003208
91003437
91903581
92600225
92600235
92602766
92602889
92602948
92603054
92603070
92603092
92603117
92603174
92603208
92603213
92603240
92603459
92603496
92603503
92603515
92603525
A1203017
A1203019
A1203021
A1203024
A1203033
A1203046
A1203215
A1203217
A1203218
A1203220
A1203222
A1203231
A1203234
A1203242
A1203243
A1203244
A1203245
A1203248
A1203250
A1203251
A1203252
A1309436
A1309595
A1309596
A1309598
A1309599
A1309602
A1309603
A1309604
A1309605
A1309606
A1309611
A1309612
A1309614
A1309653
A1309935
A1311180
A1311656
A1311739
A1311741
A1311745
A1311746
A1311747
A1311748
A1311749
A1311750
A1311769
A2308156
A2309119
A3003597
B0305478
B0305481
B0305485
B0305492
B0305720
B0305725
B0305727
B0307945
B0308005
B0308012
B0308692
B0500888
B0500899
B0500900
B0500905
B0500906
B0500917
B0501228
B0501245
B0501368
B0501370
B0501389
B0501401
B0501402
B0501413
B0700114
B0700272
B0700295
B0702093
B0702131
B0702903
B0702923
B0702944
B0702974
B0702975
B0702977
B0703138
B0703193
B0703201
B1205748
B1212628
B1212784
B1212938
B1803942
B1805352
B1806912
B1806971
B1807153
B1807210
B1807213
B2400256
B2400309
B2400311
B2503484
B2901341
B2901455
B2901725
B2901748
B2901759
B2901771
B2901777
B2901784
B2902496
B2908960
C0601914
C0800783
C1901230
C1901275
C1901283
C1901293
C1901297
C1901298
C1901335
C1901340
C1901351
C1901353
C1901366
C1901409
C1901434
C1901448
C1901740
C1901755
10901257
10607565